G020 0 0 0 0 0 0
G090 0 0 0 0 0 0
G064 0 0 0 0 0 0
G00 0 0 0.125 0 0 0
G00 -0.299635 -2.67211 0 0 0 0
G01 0 0 -0.001 0 0 15
G01 0.242283 0 0 0 0 300
G00 0 0 0.125 0 0 0
G00 0.281184 -0.761984 0 0 0 0
G01 0 0 -0.001 0 0 15
G03 0.090095 -0.953059 0 -0.022534 -0.168553 300
G00 0 0 0.125 0 0 0
G00 -0.324529 -0.753181 0 0 0 0
G01 0 0 -0.001 0 0 15
G02 -0.132317 -0.945379 0 0.022666 -0.169545 300
G00 0 0 0.125 0 0 0
G00 -0.475024 0.265282 0 0 0 0
G01 0 0 -0.001 0 0 15
G02 -0.600539 0.198916 0 -0.145025 0.122407 300
G02 -0.83879 0.218446 0 -0.069565 0.614393 0
G01 -0.8388 0.218448 0 0 0 0
G02 -1.17323 0.343422 0 0.452748 1.72151 0
G02 -1.47937 0.527113 0 0.95037 1.93085 0
G02 -1.76887 0.851146 0 0.606555 0.833245 0
G02 -1.83933 1.06599 0 0.491952 0.280324 0
G03 -1.83933 1.066 0 -0.000497 -5.8e-05 0
G02 -1.78474 1.28514 0 0.301344 0.041296 0
G02 -1.58721 1.39778 0 0.243525 -0.197547 0
G03 -1.58719 1.39778 0 -7.3e-05 0.000495 0
G02 -1.41953 1.40102 0 0.094434 -0.54653 0
G02 -1.17848 1.33285 0 -0.115339 -0.868079 0
G02 -0.962004 1.20663 0 -0.44674 -1.01496 0
G02 -0.760908 1.01905 0 -0.766042 -1.0228 0
G02 -0.525644 0.676937 0 -1.2653 -1.12207 0
G02 -0.450756 0.477071 0 -0.79209 -0.410751 0
G02 -0.440417 0.368565 0 -0.342239 -0.087354 0
G03 -0.440418 0.368546 0 0.000499 -3e-05 0
G02 -0.475024 0.265282 0 -0.183129 0.00394 0
G00 0 0 0.125 0 0 0
G00 0.457507 0.266706 0 0 0 0
G01 0 0 -0.001 0 0 15
G02 0.422901 0.36997 0 0.148522 0.107204 300
G03 0.4229 0.369989 0 -0.0005 -1.1e-05 0
G02 0.433238 0.478489 0 0.352559 0.021153 0
G02 0.508127 0.678362 0 0.867003 -0.210888 0
G02 0.743386 1.02047 0 1.50054 -0.77995 0
G02 0.944487 1.20806 0 0.967165 -0.835237 0
G02 1.16096 1.33427 0 0.663209 -0.888726 0
G02 1.40201 1.40244 0 0.356389 -0.799915 0
G02 1.56968 1.3992 0 0.073232 -0.549773 0
G03 1.56969 1.3992 0 8.5e-05 0.000493 0
G02 1.76722 1.28656 0 -0.04599 -0.310184 0
G02 1.82182 1.06742 0 -0.246751 -0.177841 0
G03 1.82181 1.06741 0 0.000495 -6.8e-05 0
G02 1.75135 0.852571 0 -0.562414 0.06548 0
G02 1.46185 0.528535 0 -0.896059 0.509216 0
G02 1.15571 0.344846 0 -1.2565 1.74715 0
G02 0.821283 0.219872 0 -0.78718 1.59654 0
G01 0.821273 0.21987 0 0 0 0
G02 0.583027 0.20034 0 -0.168685 0.594851 0
G02 0.457507 0.266706 0 0.019508 0.188779 0
G00 0 0 0.125 0 0 0
G00 2.46044 0.585937 0 0 0 0
G01 0 0 -0.001 0 0 15
G02 2.4463 0.275659 0 -3.29417 -0.005312 300
G02 2.35324 -0.298841 0 -4.01249 0.35513 0
G02 2.02754 -1.26439 0 -5.21971 1.22301 0
G02 1.22625 -2.57332 0 -5.18517 2.2745 0
G02 0.961742 -2.8619 0 -2.57869 2.09807 0
G01 0.961736 -2.86191 0 0 0 0
G02 0.742197 -3.05879 0 -1.89897 1.89663 0
G01 0.74219 -3.0588 0 0 0 0
G02 0.371109 -3.30128 0 -1.24309 1.49717 0
G02 0.16307 -3.38167 0 -0.54818 1.10923 0
G02 -0.057563 -3.41356 0 -0.231363 0.821398 0
G02 -0.369146 -3.35163 0 0.011233 0.871233 0
G02 -0.629013 -3.21859 0 0.486391 1.27036 0
G02 -1.04716 -2.87259 0 1.37148 2.08314 0
G02 -1.62631 -2.12539 0 3.15378 3.04253 0
G02 -2.22272 -0.841132 0 4.91344 3.06244 0
G02 -2.39553 -0.152417 0 4.91882 1.60025 0
G02 -2.46045 0.554692 0 4.2233 0.744236 0
G02 -2.29743 1.56543 0 3.14925 0.010585 0
G02 -1.43803 2.83113 0 2.72384 -0.924834 0
G02 -0.78046 3.24323 0 1.73088 -2.03128 0
G02 -0.410567 3.36662 0 0.959272 -2.25951 0
G02 -0.023439 3.41356 0 0.383777 -1.54498 0
G02 0.490695 3.33566 0 -0.020852 -1.87307 0
G02 1.2979 2.9309 0 -0.75152 -2.50598 0
G02 2.16352 1.89937 0 -1.68106 -2.28964 0
G02 2.46044 0.585937 0 -2.66286 -1.29226 0
G00 0 0 0.125 0 0 0
